0.34020768035968557
0.5299972461394823
0.5966188632214657
0.44419034425421916
0.36843002224739424
0.518185812446132
0.2651932890097729
0.2765086029083299
0.3774147559658962
0.31315687068212283
0.3930293127342529
0.4255687650233272
0.7846134527455
0.6302013270317184
0.4618172278823092
0.609035752513321
0.4257663778306878
0.6235705211526651
0.38297541615605274
0.3414761746076863
0.5308521039500079
0.5676188809620272
0.5547510205121696
0.4032068782586292
0.631153086472973
0.3714536533536606
0.6783291875335838
0.5798403022807843
0.6010873006888836
0.4290934695672901
0.42479124430879006
0.4188342580970621
0.4607954451279126
0.5623942791357277
0.6360645303162323
0.5344136289953961
0.454737871494248
0.414466617592625
0.2651932890097729
0.3187390761069381
0.5936522907061221
0.49061626261430763
0.38234685297872417
0.4873190044288324
0.6251370576624478
0.6540600837946732
0.38624332039382936
0.7721619488319439
0.6095547970838905
0.40421048609009896
0.517525442979061
0.4823937857375864
0.5101568596103141
0.42584803151419265
0.6987728670158295
0.5563612943915195
0.6098259419560419
0.42654426134792006
0.3950637873369514
0.4238222277066579
0.468167017743063
0.344920031735821
0.34875652123243817
0.3731667917098781
0.4029180662285096
0.36654258078924823
0.36158510385720444
0.5551864974704269
0.42110185098684094
0.45278954149797884
0.6679143372754064
0.45548903222464576
0.41650329845213
0.5296920230058306
0.39520961976606434
0.416122095416071
0.45200945965666794
0.46426834584939514
0.6008107295275943
0.3013301925663998
0.32205027880068926
0.3313028998056143
0.36581901111484516
0.507007227621594
0.4364180496032004
0.6252485822643544
0.3523377393511643
0.6935609209166463
0.6360645303162323
0.39183443047962374
0.42945707179527076
0.6005778870461516
0.5169582976260342
0.5020042641684811
0.6277182035332808
0.36942352826419617
0.4129234228101612
0.36501670249947066
0.5782613597462057
0.6531335811417646
0.5315750816507737
0.6572703355499966
0.5480437074850654
0.7583036320417946
0.5696782448718716
0.47773738222949924
0.47773738222949924
0.530613083600094
0.4313150311788298
0.6425540314599925
0.8162989771904297
0.6345222112630156
0.38761063880624846
0.5155980140669447
0.46463012941937365
0.5384963112458195
0.6019126990061032
0.500310924519011
0.5230378211191518
0.4761407389624222
0.40204483749433023
0.4607954451279126
0.5045462415419243
0.6427678925895232
0.4021410477378599
0.5600245911143221
0.45133670502777923
0.5180088722062983
0.6480748913360007
0.35004095696261106
0.4756815485470978
0.5224105696716448
0.6033427687050466
0.6300275199349527
0.7539861744906649
0.5554140680561463
0.5117830209105404
0.39898124918616507
0.7106188282094105
0.47702175640655925
0.830789165065192
0.737780979711001
0.3664932702917472
0.5145698648802978
0.5934375724414079
0.5634731603474441
0.5202527505903771
0.416122095416071
0.5696372370305098
0.4631068271522433
0.42438123823235846
0.5132479100413783
0.5726286639961029
0.4794370842737654
0.6443602003831194
0.438360788107161
0.6189798838182274
0.30079378418962743
0.6139060932291664
0.44815130202328085
0.5886492186985158
0.4645479706859865
0.5095660984325946
0.335066980881842
0.48288667819941217
0.47941179880774476
0.6986431903707518
1.0514174667518956
0.4351580308389418
0.4976764155568593
0.38299102353252484
0.6410778501423847
0.4241716519132155
0.3304572080682491
0.4360727063134022
0.5422385348902732
0.5078771190942245
0.38799406554035976
0.47364346481256364
0.7780904293683917
0.6234639398583305
0.3923420288260086
0.6126318303511407
0.5609995934709577
0.4663867392120709
0.3570108646713405
0.31476511733271334
0.4005215610889513
0.7525249737189712
0.4540347217362758
0.5332760216281501
0.7145723740862746
0.5034581094540007
0.5037081411957506
0.49579231560604825
0.48307084296883346
0.5333338085960407
0.7323907928037057
0.42476900847098653
0.42948828353617197
0.34020768035968557
0.5315750816507737
0.47773738222949924
0.47773738222949924
0.4313150311788298
0.38761063880624846
0.7846134527455
0.4257663778306878
0.500310924519011
0.5623942791357277
0.4021410477378599
0.6251370576624478
0.6540600837946732
0.5224105696716448
0.6033427687050466
0.42584803151419265
0.3513310689089066
0.3850214669653107
0.5554140680561463
0.5117830209105404
0.44883754710809876
0.4515786183854547
0.544237173057874
0.4238222277066579
0.3907587321901809
0.47702175640655925
0.5551864974704269
0.5145698648802978
0.5430561987039173
0.5934375724414079
0.5634731603474441
0.3013301925663998
0.3313028998056143
0.6252485822643544
0.5726286639961029
0.5939348039819017
0.42945707179527076
0.6189798838182274
0.6139060932291664
0.48288667819941217
0.3060902339004427
0.3889487574602996
0.4243411132123299
0
0.5983326663963009
0.423796672066818
1.0514174667518956
0.4976764155568593
0.6410778501423847
0.4360727063134022
0.40688571079865815
0.5078771190942245
0.40238778100699546
0.6234639398583305
0.3923420288260086
0.42529761667932753
0.6126318303511407
0.4663867392120709
0.3358337988478896
0.5948277958343409
0.5038338305507852
0.4005215610889513
0.6621080082497242
0.3595458016902492
0.5195169142963849
0.44450558840664894
0.3271324571693223
0.4124322413469551
0.7323907928037057
0.39519735560872915
0.5065685979338036
0.31285869129104055
0.30960036565231125
0.4510612972190821
0.6981843768218018
0.4892053875326179
0.3151438668414762
0.592966454184738
0.5316382499313671
0.3691036150029419
0.4646972209439574
0.48547530915021747
0.4954868182953503
0.38123886399505114
0.3646534312338198
0.48531188341110376
0.4958954319670364
0.3572657543456817
0.3482714530884902
0.46261980697489613
1.0152990920939804
0.5765812846578712
0.4389669361650569
0.44136470995431126
0.3419815794332776
0.4124866777271931
0.705949408478317
0.40798488537516797
0.5399420898731209
0.4512205609099853
0.6572703355499966
0.5696782448718716
0.8162989771904297
0.5155980140669447
0.6235705211526651
0.6019126990061032
0.38297541615605274
0.4032068782586292
0.3714536533536606
0.4510880862963284
0.4290934695672901
0.42479124430879006
0.7297186534956713
0.6427678925895232
0.49061626261430763
0.5600245911143221
0.45133670502777923
0.3900808799280361
0.4426703082927706
0.6480748913360007
0.35004095696261106
0.7721619488319439
0.6095547970838905
0.40421048609009896
0.517525442979061
0.4823937857375864
0.5101568596103141
0.35969553054045333
0.6300275199349527
0.7539861744906649
0.5554140680561463
0.5117830209105404
0.344920031735821
0.42110185098684094
0.45278954149797884
0.45548903222464576
0.45200945965666794
0.507007227621594
0.5285353807426579
0.5132479100413783
0.5939348039819017
0.5237842837271235
0.36501670249947066
0.5180391442860802
0.4837361188166089
0.552467285181045
0.48450383972149635
0.4397931382241011
0.44167991600738454
0.4183128869779734
0.5855339654034554
0.5357299775190258
0.5126842458131585
0.568302160683701
0.4223341790417611
0.5401568801185183
0.39408808614449753
0.36850563353297777
0.4241716519132155
0.3974226608794567
0.5693848461018155
0.6450041485762938
0.3967165553496452
0.3950709798174907
0.4643520165785128
0.6524331999674834
0.3323286342385225
0.6771027279937623
0.3660962209590026
0.4540347217362758
0.5332760216281501
0.5034581094540007
0.5825630001851142
0.5037081411957506
0.38802223167984085
0.5333338085960407
0.5166730849935443
0.4236279653265516
0.42476900847098653
0.42948828353617197
0.3991788025151825
0.48090798453566713
0.5889530777280282
0.553667043220041
0.6190225324320525
0.45865932047092717
0.4725417543843316
0.617961764511854
0.450960448030731
0.45748670662935265
0.40464189724333716
0.44494260264620306
0.435858771476057
0.48265490118284604
0.7283484294729787
0.7285088349870158
0.4982722637383537
0.5261034904091992
0.4320152923396644
0.2809952026492808
0.3421138001103681
0.524010035502514
0.659855392773851
0.47773738222949924
0.47773738222949924
0.423273369815648
0.5384963112458195
0.5676188809620272
1.0967246819192047
0.5040126714983761
0.4510880862963284
0.4188342580970621
0.40204483749433023
0.4259484163383787
0.7297186534956713
0.7200250963134284
0.4426703082927706
0.4238222277066579
0.468167017743063
0.47702175640655925
0.830789165065192
0.737780979711001
0.730657299359405
0.6679143372754064
0.5430561987039173
0.5296920230058306
0.5416950371317698
0.4631068271522433
0.42438123823235846
0.5369888760406429
0.5285353807426579
0.5132479100413783
0.5789495709470286
0.5779806056574994
0.5939348039819017
0.42945707179527076
0.6443602003831194
0.5237842837271235
0.438360788107161
0.4722837474136727
0.552467285181045
0.8242573342811729
0.5440642596362576
0.6044909531824649
0.5369888760406429
0.5855339654034554
0.5126842458131585
0.7477298077227622
0.5686597762884875
0.4223341790417611
0.4651094978348823
0.5357953335159842
0.5401568801185183
0.5983326663963009
0.423796672066818
0.5106704289436897
0.4631832916076775
0.41639577317647547
0.3974226608794567
0.40688571079865815
0.5759003023185559
0.4206365390027617
0.38799406554035976
0.47364346481256364
0.6234639398583305
0.7361466368828672
0.3914047071963168
0.5948277958343409
0.32812410102683665
0.6771027279937623
0.3411274497382432
0.3660962209590026
0.4650954808469078
0.4402859742473026
0.6783327004954264
0.38802223167984085
0.5166730849935443
0.7750006640332626
0.675713996887976
0.3897060934601365
0.31285869129104055
0.6668878746113183
0
0.45865932047092717
0.33802516058394094
0.46445491819488594
0.5151875977265473
0.5200364926898858
0.40981867386270854
0.40975674488948394
0.4724045867180175
0.6385151039851051
0.581829354348613
0.7283484294729787
0.4939937199307933
0.5722389608206058
0.7619944251942621
0.7073001431007951
0.492814180144827
0.6685700576730637
0.44419034425421916
0.36843002224739424
0.518185812446132
0.500310924519011
0.6783291875335838
0.5344136289953961
0.38234685297872417
0.4279836686857756
0.5430386114732791
0.36654258078924823
0.5551864974704269
0.3664932702917472
0.46426834584939514
0.3013301925663998
0.36581901111484516
0.6252485822643544
0.5726286639961029
0.42945707179527076
0.6005778870461516
0.7295090408382335
0.4826064418081095
0.3060902339004427
0.3889487574602996
0.4243411132123299
0.5357299775190258
0.4223341790417611
0.4191130176706763
0.6410778501423847
0.45378670461629933
0.31016555099819576
0.6524331999674834
0.6333872517434405
0.4005215610889513
0.4697332279948918
0.5805943785864462
0.3411274497382432
0.6573259555703497
0.44721818383768
0.5970422332595773
0.5065685979338036
0.35528494209465417
0.4510612972190821
0
0.4800237987431069
0.4188469182525981
0.3691036150029419
0.458087199426771
0.4954868182953503
0.4724045867180175
0.38123886399505114
0.3646534312338198
0.435858771476057
0.38039242906192244
0.4389669361650569
0.3541908225575522
0.3419815794332776
0.4124866777271931
0.3905060313960681
0.4554325737160853
0.6694006025013847
0.4222218107233223
0.34580667339331006
0.4466279819857266
0.3660201299639708
0.5707818816565984
0.6446445143618185
0.4376016747010646
0.5580560217716709
0.5413851728531277
0.45114835812543364
0.4391935868710401
0.4615503064807864
0.6869623507517069
0.5482494608074485
0.5092262193704512
0.2986863668964756
0.4556782376954054
0.4674716535343903
0.3472132028240906
0.4169899912891945
0.5775919971594853
0.387310966290932
0.7775605580780237
0.5124669743853391
0.35303818808429616
0.5322219236170612
0.5690789238571241
0.48865949421941296
0.48282931340085933
0.3414282312298469
0.533942835639172
0.4164848869368737
0.37966349083787204
0.44257178259685404
0.5308682428031496
0.4386376945309195
0.4058286120484379
0.7160410464712142
0.4633883713002869
0.4177262940493842
0.4534291854446868
0.47444328299954697
0.48317095967343576
0.5618450146168322
0.7669080364382473
0.3788822028505004
0.4575530091909366
0.39833087768692815
0.39271923868660175
0.3920889420354608
0.5375750358626064
0.44986558435684487
0.6210145799134085
0.35969553054045333
0.3642943213015088
0.6987728670158295
0.3513310689089066
0.4301127209166964
0.4511765862128461
0.46790986965583886
0.41650329845213
0.49015465141510606
0.48447058019772016
0.5202527505903771
0.37714114437513335
0.5574670643043
0.3562594383765651
0.5001328817818584
0.5330869891263481
0.4794370842737654
0.30079378418962743
0.2609416706347816
0.4397931382241011
0.5133783651377408
0.44167991600738454
0.426467970508671
0.7477298077227622
0.4351580308389418
0.42355518400802894
0.38299102353252484
0.2928934030518457
0.4977961569861531
0.3851934714598297
0.5081428428270703
0.3487977515318453
0.31476511733271334
0.3809316419021726
0.5034581094540007
0.4816633730289284
0.39519735560872915
0.47608545259987267
0.42476900847098653
0.3657404043756257
0.5064558579480981
0.366768241049918
0.43248333864752153
0.3990068497053284
0.5617143448764331
0.3906023737201937
0.5149061801827469
0.41258511809795995
0.4032300253614122
0.4164457719248584
0.5180781116375288
0
0.4958954319670364
0.3572657543456817
0.5663362416869107
0.3670418652197744
0.3719147818963484
0.37677371034256474
0.7073001431007951
0.32425309412985565
0.3138584711980306
0.406972997921371
0.5765812846578712
0.4472669558554958
0.676033560753057
0.5889093813270484
0.4124885017574432
0.40172900128173483
0.5160377447652821
0.4261411231443886
0.4151885400976692
0.45844577234121664
0.33560427169444673
0.41117586900402125
0.4151585315392109
0.36013790570950177
0.36543344138335043
0.4201821032590276
0.4635151620286523
0.3988402654062541
0.3540034862344059
0.5389441025930299
0.48966730256395236
0.286257079838717
0.5546282912795907
0.533842909318237
0.4286411517239256
0.5966188632214657
0.6019126990061032
0.38297541615605274
0.3714536533536606
0.4823937857375864
0.5563612943915195
0.6098259419560419
0.3664932702917472
0.4645479706859865
0.38015121630181287
0.3645082472856231
0.4554401219052338
0.39408808614449753
0.5693848461018155
0.5422385348902732
0.45378670461629933
0.5078771190942245
0.3967165553496452
0.7780904293683917
0.6524331999674834
0.4697332279948918
0.5805943785864462
0.44721818383768
0.7699778873961314
0.4800237987431069
0.4188469182525981
0.7038269774232038
0.458087199426771
0.4954868182953503
0.5908981565532595
0.38123886399505114
0.435858771476057
0.51057140006862
0.3482714530884902
0.7619944251942621
0.5261034904091992
0.547253396942234
0.507833780501632
0.5638422240765131
0.4554325737160853
0.6063849012372791
0.45844577234121664
0.6694006025013847
0.4222218107233223
0.34580667339331006
0.7266193637705246
0.3789879415374366
0.6446445143618185
0.5580560217716709
0.45114835812543364
0.5249040677509279
0.3879657441372522
0.6869623507517069
0.4823162470490527
0.5482494608074485
0.3472132028240906
0.468445377744543
0.4596977161037437
0.485476404812385
0.35303818808429616
0.5322219236170612
0.48865949421941296
0.41746021817710594
0.48282931340085933
0.533942835639172
0.3689679870286344
0.6378811282458275
0.37966349083787204
0.5395954742682699
0.7254824566540591
0.4721789227520811
0.6043073426039259
0.5308682428031496
0.4063464313576911
0.7160410464712142
0.504274384127052
0.4633883713002869
0.36082929186042534
0.45026745945894797
0.7493629262071565
0.40545779961147344
0.3538422891779741
0.42369374868818255
0.363910328531113
0.4100676016686967
0.4196224048027792
0.42767041086930724
0.75677622340828
0.6998106122004851
0.44545109216492346
0.37852495106833217
0.40782523719498
0.39969342319722356
0.4878357093698148
0.3731210182016842
0.4041282372667931
0.5558367811995228
0.454131867798444
0.38850145285369075
0.5801973281789994
0.6001587674773833
0.6481231651884701
0.6194602106642525
0.5241298583428186
0.5386379810242348
0.5655154363516188
0.5712117352644517
0.5908366726883393
0.547917295593725
0.5328482548523662
0.41208378321592093
0.6054208186644853
0.5930286574476077
0.573429297405459
0.5341529397401114
0.6260368275405226
0.6075950060025329
0.46615814033003056
0.6074631304114072
0.4604508126976813
0.5388609833435751
0.51171752561301
0.547278978898928
0.5844874016202724
0.619976198696945
0.6136207342682835
0.5641435778168467
0.5409663948060863
0.5408872806508603
0.6344181787186756
0.583338820526929
0.5421498917087728
0.58694742496546
0.6416452610699627
0.4641106526031734
0.5846491405254456
0.5638590623596798
0.5514013842373665
0.5738595335892206
0.4794187941993662
0.6083370713252308
0.5575742004610127
0.6233098326752695
0.6339493185001895
0.5294523667687658
0.5618450146168322
0.7669080364382473
0.4949351108797225
0.4466977246221841
0.3788822028505004
0.4762351870447494
0.39833087768692815
0.39271923868660175
0.44986558435684487
0.6210145799134085
0.5224105696716448
0.6033427687050466
0.6987728670158295
0.3513310689089066
0.46790986965583886
0.41650329845213
0.49015465141510606
0.48447058019772016
0.5574670643043
0.5237842837271235
0.30079378418962743
0.44815130202328085
0.2609416706347816
0.48450383972149635
0.4397931382241011
0.7477298077227622
0.2928934030518457
0.4977961569861531
0.5129279256395353
0.3851934714598297
0.6126318303511407
0.31476511733271334
0.3809316419021726
0.5333338085960407
0.47608545259987267
0.42476900847098653
0.3657404043756257
0.5064558579480981
0.366768241049918
0.5889530777280282
0.5617143448764331
0.4164457719248584
0.5180781116375288
0
0.3572657543456817
0.5663362416869107
0.3670418652197744
0.7073001431007951
0.48483414739931363
0.32425309412985565
0.3138584711980306
0.5765812846578712
0.4472669558554958
0.676033560753057
0.5889093813270484
0.4124885017574432
0.40172900128173483
0.4512205609099853
0.4261411231443886
0.4287281575443426
0.45844577234121664
0.33560427169444673
0.5426449513941946
0.36013790570950177
0.36543344138335043
0.4201821032590276
0.4635151620286523
0.3988402654062541
0.3540034862344059
0.8609815259365621
0.48966730256395236
0.5546282912795907
0.533842909318237
0.3541379493451159
0.6363715176851957
0.3698304714259474
0.3800392322377803
0.41385197392155926
0.4515550486174663
0.5088225121744385
0.43938851548653185
0.4668492033861824
0.42412713984876727
0.5051634475896848
0.4476106664877936
0.42111996548012914
0.5784976253106342
0.4250844536976186
0.32119008381791186
0.4137165336899249
0.67771786634272
0.4743561946233976
0.5264277580896516
0.40465004842781693
0.5742664957935792
0.42720310892704794
0.4731426549319021
0.48978011782131636
0.5339411166493913
0.6404356714445895
0.4534291854446868
0.3900808799280361
0.4426703082927706
0.47444328299954697
0.48317095967343576
0.5618450146168322
0.7669080364382473
0.4949351108797225
0.4466977246221841
0.3788822028505004
0.6251370576624478
0.6540600837946732
0.4762351870447494
0.38624332039382936
0.35532517563604826
0.4575530091909366
0.39833087768692815
0.39271923868660175
0.3920889420354608
0.5375750358626064
0.44986558435684487
0.6210145799134085
0.35969553054045333
0.3642943213015088
0.4301127209166964
0.4511765862128461
0.3855473971968535
0.46790986965583886
0.37714114437513335
0.5574670643043
0.3562594383765651
0.5001328817818584
0.5330869891263481
0.4794370842737654
0.30079378418962743
0.335066980881842
0.44167991600738454
0.426467970508671
0.4977961569861531
0.3487977515318453
0.31476511733271334
0.5614281710782654
0.4816633730289284
0.39519735560872915
0.47608545259987267
0.3657404043756257
0.366768241049918
0.43248333864752153
0.3990068497053284
0.3906023737201937
0.41258511809795995
0.4032300253614122
0.4164457719248584
0.5180781116375288
0
0.4958954319670364
0.3572657543456817
0.4691912375226362
0.5663362416869107
0.3670418652197744
0.3719147818963484
0.37677371034256474
0.406972997921371
0.4287281575443426
0.33040394537979295
0.3121828518785678
0.33560427169444673
0.41117586900402125
0.4151585315392109
0.3982770700919387
0.4254143868499878
0.4839639886166816
0.36543344138335043
0.5389441025930299
0.286257079838717
0.3698304714259474
0.41385197392155926
0.47148170628591163
0.49135681153589944
0.33149779984192235
0.4626407227478541
0.43938851548653185
0.39703652973331216
0.42765925694923923
0.4476106664877936
0.5784976253106342
0.5856148437960154
0.3622571393941448
0.37867086038653947
0.32119008381791186
0.3973882350071836
0.4137165336899249
0.38249647954641725
0.3714359306626596
0.3299782596273378
0.5379434343766336
0.43414278603818784
0.43248333864752153
0.5742664957935792
0.41330910624917255
0.5299972461394823
0.31315687068212283
0.3930293127342529
0.4255687650233272
0.4259484163383787
0.6360645303162323
0.3187390761069381
0.34875652123243817
0.3731667917098781
0.4029180662285096
0.36158510385720444
0.39520961976606434
0.37714114437513335
0.6360645303162323
0.5169582976260342
0.6260836861184577
0.36942352826419617
0.36501670249947066
0.4990580884093856
0.35729851976404214
0.3889487574602996
0.4243411132123299
0.5716772351074845
0.5357299775190258
0.568302160683701
0.5686597762884875
0.536091690900571
0.4191130176706763
0.5759003023185559
0.3967165553496452
0.6333872517434405
0.7361466368828672
0.4994702821507381
0.6573259555703497
0.6783327004954264
0.4929858548520965
0.4510612972190821
0.4891826217939216
0.458087199426771
0.6385151039851051
0.38039242906192244
0.5722389608206058
0.4801793349510868
0.3541908225575522
0.4685822933788013
0.4743596197485745
0.3468016278158348
0.36013790570950177
0.3651721412365997
0.5416791876261019
0.5707818816565984
0.6446445143618185
0.5562810114387705
0.360377401562515
0.4391935868710401
0.8396783165790168
0.5161133406014294
0.43567692255022794
0.36701004146039307
0.6356604426320845
0.5092262193704512
0.42895999856215467
0.5072091009782631
0.5898108655697064
0.3511348264791525
0.7254824566540591
0.42341290387424096
0.6550801237928858
0.40712415935303103
0.35815304464209097
1.2585922461118957
0.5550638531402559
0.3696299983884185
0.4421847947126364
0.4049777893747759
0.46357417594413675
0.4247867362116181
0.6399001970144551
0.39928509536232853
0.32590132016839307
0.666747404584749
0.572200737077625
0.5058088923017743
0.34385620526277977
0.5642642468991833
0.5216846668717983
0.5409130443250556
0.4008114428170841
0.5724260306179493
0.5106801107749794
0.349614587642934
0.5116055643732736
0.5353315006766547
0.5457451504610974
0.2844300874629373
0.2896487517330621
0.45837819485014436
0.4059275428948341
0.5905949763655213
0.46594132136585925
0.7846134527455
0.6302013270317184
0.5676188809620272
0.631153086472973
0.6010873006888836
0.4290934695672901
0.42479124430879006
0.5623942791357277
0.6360645303162323
0.414466617592625
0.49061626261430763
0.6987728670158295
0.42110185098684094
0.41650329845213
0.416122095416071
0.507007227621594
0.6360645303162323
0.4129234228101612
0.6531335811417646
0.568302160683701
0.4191130176706763
0.5129279256395353
0.3851934714598297
0.5081428428270703
0.3809316419021726
0.46413011650538616
0.5064558579480981
0.5889530777280282
0.4861685878440872
0.6122216074103608
0.48483414739931363
0.4472669558554958
0.5889093813270484
0.7787157574894872
0.40172900128173483
0.33040394537979295
0.7402798247396379
0.5426449513941946
0.36013790570950177
0.48688983027771576
0.528578533182513
0.3789879415374366
0.48966730256395236
0.7334376749337596
0.3986578098542394
0.5533120053806726
0.3879657441372522
0.5803053125502986
0.5509361998360787
0.36434049517733147
0.5423325367337543
0.5088225121744385
0.4668492033861824
0.42412713984876727
0.4673723620971227
0.5051634475896848
0.5856907624179155
0.67771786634272
0.5600870465539242
0.4743561946233976
0.44257178259685404
0.5264277580896516
0.42720310892704794
0.5572316583015458
0.4261585513606739
0.48978011782131636
0.48748260117650094
0.3479356275513216
0.6376982495664149
0.5838465757216148
0.4736050382254429
0.42369374868818255
0.47919184410704874
0.4498549104360261
0.5331019861097097
0.794102761992581
0.634984771204842
0.4878357093698148
0.5375223688095719
0.7723414603102576
0.422866498465922
0.6429271482081129
0.40998701007874844
0.7253336913557707
0.4041220334749094
0.5642642468991833
0.3915735450830414
0.5216846668717983
0.4455555933260045
0.5724260306179493
0.4239145324114796
0.4927020322987198
0.4137207538717825
0.349614587642934
0.5485306188851343
0.7370790090109498
0.6568340720598108
0.6304911755217347
0.44211266204532845
0.3889618455047951
0.4534291854446868
0.3900808799280361
0.4426703082927706
0.47444328299954697
0.48317095967343576
0.5618450146168322
0.7669080364382473
0.4949351108797225
0.4466977246221841
0.3788822028505004
0.6251370576624478
0.6540600837946732
0.4762351870447494
0.38624332039382936
0.35532517563604826
0.4575530091909366
0.39833087768692815
0.39271923868660175
0.3920889420354608
0.5375750358626064
0.44986558435684487
0.6210145799134085
0.35969553054045333
0.3642943213015088
0.4301127209166964
0.4511765862128461
0.3855473971968535
0.46790986965583886
0.37714114437513335
0.5574670643043
0.3562594383765651
0.5001328817818584
0.5330869891263481
0.4794370842737654
0.30079378418962743
0.335066980881842
0.44167991600738454
0.4977961569861531
0.3487977515318453
0.31476511733271334
0.5614281710782654
0.4816633730289284
0.39519735560872915
0.47608545259987267
0.3657404043756257
0.366768241049918
0.43248333864752153
0.3990068497053284
0.3906023737201937
0.41258511809795995
0.4032300253614122
0.4164457719248584
0.5180781116375288
0
0.4958954319670364
0.3572657543456817
0.4691912375226362
0.5663362416869107
0.3670418652197744
0.3719147818963484
0.37677371034256474
0.406972997921371
0.3982770700919387
0.4254143868499878
0.4839639886166816
0.36543344138335043
0.5389441025930299
0.3698304714259474
0.41385197392155926
0.47148170628591163
0.49135681153589944
0.33149779984192235
0.4626407227478541
0.43938851548653185
0.39703652973331216
0.42765925694923923
0.4476106664877936
0.5784976253106342
0.5856148437960154
0.3622571393941448
0.37867086038653947
0.32119008381791186
0.3973882350071836
0.4137165336899249
0.38249647954641725
0.3714359306626596
0.3299782596273378
0.5379434343766336
0.43414278603818784
0.43248333864752153
0.5742664957935792
0.41330910624917255
0.46535546594558347
0.4723188249171071
0.6404356714445895
0.7420410873054644
0.37319934501761687
0
0.3707629645062705
0.4100676016686967
0.5966188632214657
0.44419034425421916
0.36843002224739424
0.518185812446132
0.5334092328243556
0.2651932890097729
0.2765086029083299
0.6345222112630156
0.3774147559658962
0.6235705211526651
0.8273892536120974
0.5344136289953961
0.2651932890097729
0.4282277074316078
0.5121966056632816
0.38234685297872417
0.4756815485470978
0.44883754710809876
0.4515786183854547
0.5427294565027168
0.5430386114732791
0.39898124918616507
0.3907587321901809
0.7106188282094105
0.36158510385720444
0.6679143372754064
0.5430561987039173
0.5570465450430544
0.5020042641684811
0.36942352826419617
0.7295090408382335
0.47941179880774476
0.6986431903707518
0.3889487574602996
0.4243411132123299
0.4241716519132155
0.3570108646713405
0.3595458016902492
0.6573259555703497
0.49579231560604825
0.5065685979338036
0.35528494209465417
0.4709911987165027
0.4510612972190821
0.605662143145365
0.33802516058394094
0.6388831939187557
0.592966454184738
0.4188469182525981
0.458087199426771
0.6385151039851051
0.3572657543456817
0.38039242906192244
0.547253396942234
0.4635540170651918
0.3541908225575522
0.6063849012372791
0.46324936704646125
0.3024308550251205
0.37557578425960175
0.41270084532637824
0.5707818816565984
0.6446445143618185
0.7334376749337596
0.584721989095658
0.6280225208080384
0.6179890644848318
0.6203608252589722
0.5482494608074485
0.4674716535343903
0.8996726239289807
0.5775919971594853
0.387310966290932
0.7017716256904171
0.485476404812385
0.5322219236170612
0.48282931340085933
0.4164848869368737
0.46544472317972374
0.42871337552365385
0.4386376945309195
0.47090438748650887
0.5844169585553154
0.44951030235977735
0.48525494824857945
0.7493629262071565
0
0.40782523719498
0.5058088923017743
0.3489596849917893
0.5409130443250556
0.5106801107749794
0.45342292358387903
0.2844300874629373
0.2896487517330621
0.3896631909741932
0.46594132136585925
0.5718543146938845
0.48913617767580364
0.3469722849108024
0.423273369815648
0.40204483749433023
0.454737871494248
0.7200250963134284
0.4873190044288324
0.42654426134792006
0.3950637873369514
0.5145698648802978
1.2563848212660613
0.667079551522037
0.5403362092822926
0.5369888760406429
0.39183443047962374
0.42945707179527076
0.36942352826419617
0.5095660984325946
0.4183128869779734
0.5369888760406429
0.4651094978348823
0.6410778501423847
0.44737542706312794
0.5693848461018155
0.4742995122058352
0.4206365390027617
0.40238778100699546
0.6937568566846406
0.3660962209590026
0.5825630001851142
0.6658958973348756
0.4650954808469078
0.3271324571693223
0.48090798453566713
0.40464189724333716
0.3646534312338198
0.7073001431007951
0.4233649086145853
0.7328633077309321
0.3745093019646765
0.4261411231443886
0.38026625544675835
0.49345861066373387
0.48688983027771576
0.5151085363751688
0.41121704811053855
0.4187915798135443
0.3541379493451159
0.3879657441372522
0.3800392322377803
0.4850312247530954
0.4753015607594954
0.41021287096601067
0.6136215230169398
0.5856907624179155
0.7541334397000314
0.40793646534386246
0.43206173137772397
0.4679996435965174
0.3355361983206851
0
0.6399377365137423
0.36063496411735263
0.4550679053994726
0.4041220334749094
0.4236003452431794
0.46254366597228536
0.5654914093137444
0.3851477982603252
0.4455555933260045
0.5002929050253461
0.4815464127374249
0.44191480707179553
0.6170552109650742
0.5016485407138271
0.34275600048799776
0.477347232273187
0.5213014602955834
0.42704269808772843
0.6624803847353342
0.45837819485014436
0.5856881920092419
0.5409235152640028
0.5025460207247561
0.7061644557652096
0.37136660977411723
0.40481333013364135
0.488059792738016
0.47415526529487406
0.3343660361949907
0.45639511851094444
0.49573978968322807
0.34999554835501057
0.4277899462446703
0.3973040608504015
0.416932527813933
0.5019268402421834
0.35424726450481775
0.3930435495185957
0.473111114414549
0.5352879235163246
0.6425540314599925
0.5155980140669447
0.6235705211526651
0.5045462415419243
0.5936522907061221
0.49061626261430763
0.4534291854446868
0.5375750358626064
0.5427294565027168
0.4301127209166964
0.4511765862128461
0.468167017743063
0.6158691328761976
0.3855473971968535
0.4631068271522433
0.6775389709486702
0.42438123823235846
0.688569431393756
0.5570465450430544
0.4645479706859865
0.38015121630181287
0.335066980881842
0.426467970508671
0.4351580308389418
0.38299102353252484
0.3304572080682491
0.5422385348902732
0.3914047071963168
0.4994702821507381
0.4124322413469551
0.35073889832720284
0.4188469182525981
0.7597200490871644
0.3848246689589494
0.4691912375226362
0.5261034904091992
0.41450714755359824
0.4124866777271931
0.6964196605213715
0.705949408478317
0.514313775117089
0.41117586900402125
0.4151585315392109
0.4222218107233223
0.34580667339331006
0.4399085858787098
0.6280225208080384
0.5413851728531277
0.6960705802005267
0.48754371976298544
0.5859186781529627
0.4626407227478541
0.5076798571827429
0.41340914137188584
0.468445377744543
0.4596977161037437
0.4247196967616838
0.6159376697146111
0.4637850835118884
0.3863370954551467
0.3780928331825214
0.3714359306626596
0.3960887401656543
0.5748514381240599
0.4567291795865549
0.504274384127052
0.5339411166493913
0.792351124853234
0.4193941921919232
0.5493696258601352
0.36082929186042534
0.648842889708266
0.5552738988075929
0.4027323217326887
0.43171951193308233
0.37852495106833217
0.4957439350544393
0.9189166093376615
0.399142255569071
0.5441386380984997
0.5607529388230218
0.6304911755217347
0.33670948341189244
0.48474699563248363
0.4023343885418504
0.46594132136585925
0.5275287186385983
0.7195170213454056
0.5031111724647157
0.4506285339001303
0.4448552053900575
0.5371021884407927
0.478845822006984
0.4347995464792249
0.40682757160386057
0.438469142971732
0.49904597279710566
0.485316043095799
0.4108902451367363
0.4072401968271317
0.544237173057874
0.6158691328761976
0.3855473971968535
0.5634731603474441
0.5202527505903771
0.6775389709486702
0.688569431393756
0.6277182035332808
0.7295090408382335
0.30079378418962743
0.5782613597462057
0.6531335811417646
0.5925762079547426
0.426467970508671
0.5716772351074845
0
0.5983326663963009
0.423796672066818
0.42529761667932753
0.31476511733271334
0.5195169142963849
0.6981843768218018
0.46261980697489613
1.0152990920939804
0.47276841900508343
0.40289570565742255
0.4051878181392223
0.5472988757355369
0.7460479478380418
0.4839639886166816
0.8176152112662268
0.8176152112662268
0.4740593516293873
0.8524956912129161
0.47532815899137687
0.48543457854800265
0.5859186781529627
0.4783481421398646
0.5076798571827429
0.5072091009782631
0.43938851548653185
0.6375438938693226
0.5898108655697064
0.4550543161821834
1.191719603744053
1.2585922461118957
0.5550638531402559
0
0.648842889708266
0.4049777893747759
0.4247867362116181
0.5054413590529934
0.7087845018009977
0.3445730661961958
0.46242554421962023
0.4008114428170841
0.4096090029904244
0.9189166093376615
0.4739356420988232
0.6568340720598108
0.5607529388230218
0.833217716122406
0.46115268940019
0.8997154833714387
0.5788720320732968
0.43135707780512916
0.6159452788811525
0.7421728272047879
0.7827395910109168
0
0.5496243646866064
0.45712430876179144
0.40517286687589177
0.5321210383786288
0.5682135481954868
0.5244872680419315
0.38939695571931926
0.43944530796253833
1.1729112007631952
0.8161886750396835
0.4830896622810411
0.7969955658492328
0.46426834584939514
0.32205027880068926
0.6935609209166463
0.5939348039819017
0.7295090408382335
0.3060902339004427
0
0.4649393240635977
0.4191130176706763
0.5129279256395353
0.7780904293683917
0.4005215610889513
0.44450558840664894
0.44721818383768
0.5970422332595773
0.4954868182953503
0.5908981565532595
0.38123886399505114
0.38039242906192244
0.3482714530884902
0.48483414739931363
0.4389669361650569
0.4124885017574432
0.6694006025013847
0.4839639886166816
0.36013790570950177
0.3651721412365997
0.4635151620286523
0.45114835812543364
0.360377401562515
0.4823162470490527
0.3557982031719558
0.4169899912891945
0.3414282312298469
0.541640174938048
0.7160410464712142
0.4177262940493842
0.648842889708266
0.2892245678193482
0.42767041086930724
0.38085452650144924
0.422866498465922
0.5216846668717983
0.38850145285369075
0.5801973281789994
0.38192675898438555
0.4239145324114796
0.7924187361779873
0.5825110482679011
0.47828437229122267
0.42173383844070517
0.349614587642934
0
0.5457451504610974
0.3913878846350456
0.39925501175484884
0.3755187888740697
0.6000543346508832
0.5492591628848342
0.37739319028947577
0.5674862718227393
0.43038438107363386
0.3570230593148657
0.5616472176784264
0.416932527813933
0.49233731460442287
0.478845822006984
0.2724548332840469
0.4768219123600738
0.5173159171390301
0.7421728272047879
0.7827395910109168
0.48764819887183
0.3588883272608291
0.6172281544154989
0.4310942591266482
0.45712430876179144
0.47082132392644177
0.41404449985489244
0.3579740597808356
0.5682135481954868
0.45396308949526765
0.34365159083477737
0.43944530796253833
0.36031552611794043
0.40406068667873457
0.45642523205304353
0.4455281331017353
0.6710531033188335
0.34571421542485864
0.3513310689089066
0.49015465141510606
0.48447058019772016
0.2609416706347816
0.4397931382241011
0.5133783651377408
0.2928934030518457
0.5617143448764331
0.32425309412985565
0.3138584711980306
0.4124885017574432
0.5160377447652821
0.45844577234121664
0.4201821032590276
0.4635151620286523
0.3988402654062541
0.3540034862344059
0.286257079838717
0.533842909318237
0.3541379493451159
0.4286411517239256
0.3557982031719558
0.4515550486174663
0.40032846899895
0.4233897674226131
0.42111996548012914
0.45576954357578264
0.6654453341251519
0.4731426549319021
0.3568498575179214
0.42369374868818255
0.3707629645062705
0.48146696748080264
0.5594007070952113
0.47121428806293403
0.38085452650144924
0.2767100047464035
0.44565349230534035
0.38591039751458683
0.4239145324114796
0.515294436963995
0.4422051672762072
0.3915035279936517
0.5213014602955834
0.3716341716830373
0.383515846569411
0.6050936556527634
0.39455506395678525
0.4793076097572798
0.4822720127571436
0.33652294125997073
0.3743723935339752
0.5152875435149302
0.3023868849898253
0.2724548332840469
0.45410528156304797
0.3172950024775659
0.32614821697209395
0.35376640574624085
0.5048156593081046
0.4591217538842888
0.4934118432398787
0.3773285959870833
0.2686192629885452
0.40605454023238996
0.476958601359255
0.5840096166680908
0.4629715273727082
0.6667634674638441
0.5243396535685266
0.38659576970771264
0.28282537505061495
0.2967005204161904
0.5384963112458195
0.631153086472973
0.6010873006888836
0.40204483749433023
0.4607954451279126
0.5789495709470286
0.4129234228101612
0.38799406554035976
0.47364346481256364
0.6743807541976203
0.46413011650538616
0.6668878746113183
0.4861685878440872
0.5200364926898858
0.581829354348613
0.4474355133752838
0.41450714755359824
0.40172900128173483
0.7334376749337596
0.6280225208080384
0.5803053125502986
0.4304682041777672
0.36434049517733147
0.4247196967616838
0.5690789238571241
0.4363811085902811
0.5600870465539242
0.3780928331825214
0.6053543641630122
0.4177262940493842
0.5587828617070393
0.45364440497342756
0.5331019861097097
0.634984771204842
0.47038867981903376
0.7723414603102576
0.40998701007874844
0.4608343412934493
0.46932164492288525
0.5837720370055344
0.399142255569071
0.5454921804021651
0.683485716774468
0.38575223654948
0.5679358647577836
0.33937101172859946
0.5244694227509886
0.833217716122406
0.42622126433219676
0.41180645415426514
0.45639511851094444
0.4448552053900575
0.6253829383805581
0.7405007317565361
0.5173159171390301
0.47109743085592093
0.4801060780051103
0.6262416783516866
0.5322680661767274
0.5141749376271806
0.470101096954644
0.38921292628319304
0.3414282710039274
0.6471198352244114
0.5068755328480814
0.36762654554392865
0.5244872680419315
0.38939695571931926
0.5266926252739753
0.40788851261118036
0.510397501718421
0.4931181409975904
0.4163240804987828
0.44349232549863543
0.5555117770596932
0.3934038898674978
0.5928387777775044
0.4928875925212904
0.7768267783601622
0.47101308259697017
0.41510572087965397
0.5070694935151735
0.46712942327474194
0.6627245521835803
0.4313150311788298
0.8162989771904297
0.6302013270317184
0.4618172278823092
0.609035752513321
0.3414761746076863
0.5308521039500079
0.5547510205121696
0.7022230748910682
0.522899306272247
0.454737871494248
0.414466617592625
0.7200250963134284
0.4873190044288324
0.5180088722062983
0.3900808799280361
0
0.5224105696716448
0.6300275199349527
0.5117830209105404
0.416122095416071
0.6008107295275943
0.4794370842737654
0.438360788107161
0.44815130202328085
0.5886492186985158
0.5126842458131585
0.4742995122058352
0.5825630001851142
0.3271324571693223
0.4236279653265516
0.48090798453566713
0.40464189724333716
0.492814180144827
0.4233649086145853
0.3745093019646765
0.5151085363751688
0.3988402654062541
0.36069542942324395
0.5565717966478929
0.4250844536976186
0.5856907624179155
0.43206173137772397
0.7984723164860099
0.5339411166493913
1.191719603744053
0.794102761992581
0.6399377365137423
0.36063496411735263
0.7275960149433764
0.4550679053994726
0.7356663918427536
0.5281345570496281
0.5203234732290598
0.4556612846944623
0.5025460207247561
0.40481333013364135
0.398621764490213
0.49573978968322807
0.5522294098966221
0.3930435495185957
0.4568182142611565
0.3935666571016515
0.4072908118634958
0.3117385483832628
0.47064646866118576
0.43649987059685563
0.3844745306066127
0.36762654554392865
0.36415460394517385
0.6119833519059446
0.2686192629885452
0.48355682694150925
0.39520961976606434
0.3523377393511643
0.5782613597462057
0.6531335811417646
0.31285869129104055
0.30960036565231125
0.3151438668414762
0.4246078916950437
0.3808474251962029
0.360377401562515
0.43567692255022794
0.36701004146039307
0.3723541752728258
0.35293308695209696
0.40793646534386246
0.3511348264791525
0.5572316583015458
0.4177262940493842
0.5677574558511628
0.5493696258601352
0.5838465757216148
0.3355361983206851
0.47919184410704874
0.39928509536232853
0.32590132016839307
0.43516350572383833
0.5642642468991833
0.4236003452431794
0.5002929050253461
0.5499029013161668
0.429811742458633
0.5016485407138271
0.6632770703257344
0.4350436698475577
0.353658821340512
0.6134176996325037
0.3724500495279277
0.38087462394163973
0.3476423961529846
0.3764584747034216
0.3994275806435762
0.3729495361043188
0.36752721270126715
0.5775996852287257
0.4916766124252729
0.416932527813933
0.3609196367990354
0.4205809320951159
0.3758921379308422
0.40682757160386057
0.6172281544154989
0.4799501839127766
0.38952484463405795
0.4322337845004264
0.5322680661767274
0.49516435022254895
0.39514824093591566
0.4432444395422614
0.38518236341661394
0.519801616737778
0.3605269595169274
0.3529078506257137
0.4074384231696015
0.40093061535793106
0.6496989083610386
0.4302357626111738
0.5299687339377395
0.43463541179952503
0.4692731503445996
0.6942960219106782
0.35108168043904686
0.7082345944564389
0.6308688253800296
0.37343374840586485
0.4194195967105563
0.49173428549125126
0.4896942869808594
0.3769810961036612
0.48291392522731585
0.5551864974704269
0.6252485822643544
0.6139060932291664
0.3060902339004427
1.0514174667518956
0.4976764155568593
0.4005215610889513
0.4954868182953503
0.4389669361650569
0.6694006025013847
0.7044392669429105
0.7517318216496859
0.4615503064807864
0.4783481421398646
0.6827358427819726
0.387310966290932
0.35303818808429616
0.3408860608147398
0.5890557471189449
0.7160410464712142
0.4633883713002869
0.5495631690140957
0.6347163818225251
0.6998106122004851
0.5289108859155498
0.6429271482081129
0.3851477982603252
0.47588470124834215
0.4997958374890286
0.4207594930919474
0.5364434873229956
0.40560361042184484
0.548953452089921
0.6846177463721405
0.36251718559307033
0.39723067155494096
0.46044426167571173
0.30035630593164137
0.833217716122406
0
0.4855217138690729
0.4290521507007619
0.4916766124252729
0.816889737378127
0.39745851851987385
0.39960128872097067
0.3986695661290047
0.37139939858327187
0.5904932985821666
0.3172950024775659
0.4427428945127272
0.3943860191112633
0.4817117363878168
0.4630348081166518
0.5324702260852142
0.3529078506257137
0.5321210383786288
0.3844745306066127
0.4389892945034517
0.3718312917407631
0.6743317701468265
0.7471576012227988
0.4217658002990275
0.4950300578719382
0.4021730586327639
0.5117445390841483
0.45642523205304353
0.43379928091474274
0.3721451437224162
0
0.6736180250671808
0.6356221102143726
0.5315750816507737
0.38761063880624846
0.4021410477378599
0.5145698648802978
0.39520961976606434
0.3313028998056143
0.36581901111484516
0.6935609209166463
0.4360727063134022
0.3923420288260086
0.4663867392120709
0.44450558840664894
0.592966454184738
0.38123886399505114
0.37730370637698446
0.357781505196839
0.4801793349510868
0.3847169843113139
0.360377401562515
0.5408374112844347
0.3723541752728258
0.5507903276432662
0.3408860608147398
0.40793646534386246
0.3511348264791525
0.5512142541689105
0.6550801237928858
0.6187797133602737
0.5247382331532534
0.5917226958397878
0.2892245678193482
0.39928509536232853
0.4583688327579977
0.5533104651396358
0.6483240722751159
0.5536710770952575
0.5375199571976569
0.6855050812453408
0.429811742458633
0.42173383844070517
0.5034137730161685
0.5116055643732736
0.39494238708392515
0.3913878846350456
0.34339271204438765
0.3476423961529846
0.3729495361043188
0.4441685596659081
0.3570230593148657
0.5019268402421834
0.3758921379308422
0.44515718228992673
0.4427428945127272
0.43381832861476244
0.3605269595169274
0.41081931113136144
0.5299687339377395
0.34275928169441205
0.32994651065506714
0.7475719062306807
0.3421138001103681
0.5334092328243556
0.5587842670783293
0.7969955658492328
0.45243374189014784
0
0.8273892536120974
0.4282277074316078
0.4979493125637027
0.5121966056632816
0.4359132014702534
0.35532517563604826
0.5375750358626064
0.44986558435684487
0.6210145799134085
0.3850214669653107
0.44883754710809876
0.4515786183854547
0.5427294565027168
0.544237173057874
0.4279836686857756
0.5430386114732791
0.3907587321901809
0.5253828922650169
0.6115325740225881
0.5570465450430544
0.6184338429664771
0.3998094761722023
0
0.5106704289436897
0.42529761667932753
0.3914047071963168
0.5195169142963849
0.4709911987165027
0.55647047012405
0.4151885400976692
0.8176152112662268
0.8176152112662268
0.41171304190741337
0.4740593516293873
0.8524956912129161
0.47532815899137687
0.6203608252589722
0.3960887401656543
0.4738167953792592
0.5054413590529934
0.539982405198117
0.3875888292250261
0.5607529388230218
0.5590331972290303
0.5788720320732968
0.44516207672888747
0.37002817400491606
0.44176540394465885
0.48457878458789727
0.41510572087965397
0.42584803151419265
0.6987728670158295
0.41650329845213
0.2928934030518457
0.5617143448764331
0.32425309412985565
0.3138584711980306
0.4472669558554958
0.676033560753057
0.45844577234121664
0.36013790570950177
0.4201821032590276
0.528578533182513
0.48966730256395236
0.5546282912795907
0.4515550486174663
0.4668492033861824
0.42412713984876727
0.4233897674226131
0.43429413944513257
0.42111996548012914
0.45576954357578264
0.4743561946233976
0.32747694110505843
0.42369374868818255
0.3707629645062705
0.4302247996183867
0.5375223688095719
0.6429271482081129
0.44565349230534035
0.4137207538717825
0.3716341716830373
0.3889618455047951
0.3336750599725382
0.39455506395678525
0.4017127788120606
0.3755187888740697
0.33652294125997073
0.3396729295506714
0
0.5383487580961378
0.3432081387289446
0.40391470828345966
0.34743174899304596
0.40605454023238996
0.4629715273727082
0.3374798767399781
0.32205027880068926
0.36581901111484516
0.4990580884093856
0.35729851976404214
0.5716772351074845
0.568302160683701
0.4994702821507381
0.4929858548520965
0.3693412609097087
0.47276841900508343
0.40289570565742255
0.4051878181392223
0.5472988757355369
0.42967025360872296
0.48543457854800265
0.36701004146039307
0.5859186781529627
0.4637850835118884
0.4008114428170841
0.45250571170350945
0.42173383844070517
0.39925501175484884
0.36887095589834057
0.43038438107363386
0.378990787083816
0.7421728272047879
0.45712430876179144
0.47082132392644177
0.5682135481954868
0.4242397133403884
0.43944530796253833
0.36379799866701634
0.37186196355766044
0.37343374840586485
0.4830896622810411
0.3421138001103681
0.5696782448718716
0.5587842670783293
0.45243374189014784
0.38940199585162394
0.6019126990061032
1.0967246819192047
0.5040126714983761
0.5427294565027168
0.5253828922650169
0.6115325740225881
0.4631068271522433
0.5369888760406429
0.5285353807426579
0.5570465450430544
0.5132479100413783
0.6443602003831194
0.5440642596362576
0.5369888760406429
0.47941179880774476
0.41639577317647547
0.3304572080682491
0.38802223167984085
0.705949408478317
0.3786543144922361
0.4399085858787098
0.49345861066373387
0.33149779984192235
0.6653903975939394
0.792351124853234
0.45897287916848656
0.4038860537705997
0.4801060780051103
0.36592646389394257
0.3117134845980557
0.4954097637071435
0.6235705211526651
0.5936522907061221
0.49061626261430763
0.4645479706859865
0.38015121630181287
0.5422385348902732
0.4994702821507381
0.4124322413469551
0.35073889832720284
0.4188469182525981
0.4691912375226362
0.514313775117089
0.4222218107233223
0.34580667339331006
0.5413851728531277
0.5076798571827429
0.41340914137188584
0.6159376697146111
0.4637850835118884
0.3714359306626596
0.3960887401656543
0.504274384127052
0.5493696258601352
0.36082929186042534
0.4027323217326887
0.5441386380984997
0.6304911755217347
0.33670948341189244
0.46594132136585925
0.4506285339001303
0.478845822006984
0.4347995464792249
0.40682757160386057
0.485316043095799
0.4072401968271317
0.3888370238554136
0.48291392522731585
0.5554140680561463
0.5117830209105404
0.5634731603474441
0.5202527505903771
0.416122095416071
0.48288667819941217
0.42355518400802894
0.40238778100699546
0.49501607318696983
0.5034581094540007
0.48531188341110376
0.46261980697489613
1.0152990920939804
0.4389669361650569
0.3419815794332776
0.7460479478380418
0.3660201299639708
0.5056173877537915
0.42871337552365385
0.4550543161821834
0.5247382331532534
0
0.5431253273358826
0.6668379719055856
0.3445730661961958
0.34999554835501057
0.473111114414549
0.4085016579867539
0.5576363156111946
0.33650162851687276
0.3900808799280361
0.4426703082927706
0.47444328299954697
0.48317095967343576
0.38624332039382936
0.35532517563604826
0.3855473971968535
0.3562594383765651
0.5001328817818584
0.31476511733271334
0.5614281710782654
0.4816633730289284
0.366768241049918
0.43248333864752153
0.3572657543456817
0.3719147818963484
0.3982770700919387
0.4254143868499878
0.4839639886166816
0.36543344138335043
0.4626407227478541
0.39703652973331216
0.3714359306626596
0.43248333864752153
0.4100676016686967
0.5013685991262405
0.48544518332617725
0.3336750599725382
0.5299972461394823
0.7969955658492328
0.4032068782586292
0.6251370576624478
0.6540600837946732
0.38624332039382936
0.35532517563604826
0.5430386114732791
0.5551864974704269
1.2563848212660613
0.46426834584939514
0.32205027880068926
0.6360645303162323
0.4990580884093856
0.4826064418081095
0.35729851976404214
0.3060902339004427
0.5357953335159842
0.4360727063134022
0.4929858548520965
0.4691912375226362
0.33040394537979295
0.3121828518785678
0.49135681153589944
0.4169899912891945
0.3793206216143618
0.49383643302084795
0.3414282312298469
0.4100676016686967
0.3336750599725382
0.36887095589834057
0.416932527813933
0.35397505470739554
0.3252630654995218
0.3579740597808356
0.36379799866701634
0.3660962209590026
0.5825630001851142
0.48090798453566713
0.40464189724333716
0.4233649086145853
0.3745093019646765
0.41121704811053855
0.3541379493451159
0.41021287096601067
0.43206173137772397
0.4679996435965174
0.4550679053994726
0.4455555933260045
0.6170552109650742
0.5213014602955834
0.5409235152640028
0.37136660977411723
0.40481333013364135
0.488059792738016
0.3343660361949907
0.49573978968322807
0.35424726450481775
0.3930435495185957
0.5048048640703797
0.5070913577392057
0.4072908118634958
0.3703580794167576
0.47064646866118576
0.43649987059685563
0.4242397133403884
0.6171780536702149
0.5296920230058306
0.38197519793735835
0.6179890644848318
0.4615503064807864
0.4546066693512951
0.5946530947386006
0.6114273442707996
0.5173078102574495
0.42701070486719056
0.5025460207247561
0.3971476688930744
0.37136660977411723
0.5744415553518705
0.37579697209190355
0.4543988774880804
0.3529078506257137
0.3844745306066127
0.40351887690997246
0.6119833519059446
0.5873012718045122
0.4443733687710849
0.3103000487627509
0.4818930532968754
0.48355682694150925
0.4954097637071435
0.4230161852538983
0.42085378448088073
0.38083152846752477
0.33650162851687276
0.5076359602956014
0.28282537505061495
0.6775389709486702
0.688569431393756
0.6935609209166463
0.426467970508671
0.4976764155568593
0.51057140006862
0.8524956912129161
0.47532815899137687
0.360377401562515
0.3793206216143618
0.6375438938693226
0.4596977161037437
0.5690789238571241
0.2892245678193482
0.4096090029904244
0.42173383844070517
0.3913878846350456
0.5788720320732968
0.5674862718227393
0.4448552053900575
0.3570230593148657
0.4801060780051103
0.7421728272047879
0.5343466533804202
0.5266926252739753
0.4238222277066579
0.5416950371317698
0.6044909531824649
0.5151875977265473
0.40981867386270854
0.4287051172984452
0.4193504246445574
0.5268379684653859
0.553916167894606
0.5509361998360787
0.5423325367337543
0.5124669743853391
0.44722764622742117
0.3414282312298469
0.44257178259685404
0.4601664223571194
0.6921863899591897
0.4026256715818953
0.4690582367850581
0.6233806140393381
0.3980558728472187
0.34339271204438765
0.37338179584850817
0.5840096166680908
0.42085378448088073
0.3963857264364285
0.7297186534956713
0.5554140680561463
0.5117830209105404
0.5132479100413783
0.4397931382241011
0.5693848461018155
0.3660962209590026
0.5333338085960407
0.553667043220041
0.40464189724333716
0.3745093019646765
0.33149779984192235
0.40032846899895
0.6653903975939394
0.7199385659142894
0
0.5485306188851343
0.8359470756398936
0.39247293279245676
0.3336750599725382
0.4793076097572798
0.7061644557652096
0.488059792738016
0.5048048640703797
0.3172950024775659
0.3976759288302302
0.4108902451367363
0.49015465141510606
0.48447058019772016
0.2609416706347816
0.4397931382241011
0.3540034862344059
0.4286411517239256
0.40032846899895
0.42369374868818255
0.5594007070952113
0.47121428806293403
0.2767100047464035
0.4422051672762072
0.6050936556527634
0.4793076097572798
0.3743723935339752
0.2724548332840469
0.3172950024775659
0.35376640574624085
0.3773285959870833
0.6667634674638441
0.5243396535685266
0.2967005204161904
0.32205027880068926
0.5925762079547426
0.4990580884093856
0.35729851976404214
0.45378670461629933
0.4929858548520965
0.4982722637383537
0.3693412609097087
0.47276841900508343
0.40289570565742255
0.4051878181392223
0.5472988757355369
0.42967025360872296
0.5550638531402559
0.4049777893747759
0.37733314980659916
0.45837819485014436
0.8997154833714387
0.36887095589834057
0.5674862718227393
0.36379799866701634
0.37186196355766044
0.4830896622810411
0.4722837474136727
0.5401568801185183
0.3660962209590026
0.38802223167984085
0.4187915798135443
0.3763741649999518
0.42062849379874245
0.40032846899895
0.43160000470703486
0.4249938836165045
0.4470854115237947
0.3568168665685151
0.6787818035074499
0.39749911194615195
0.4793076097572798
0.37739319028947577
0.32652833736546494
0.38952484463405795
0.4360633842938775
0.4161826843001686
0.4389892945034517
0.5145698648802978
0.5696372370305098
0.6981843768218018
0.41258511809795995
0.4801793349510868
0.8176152112662268
0.8176152112662268
0.6550801237928858
0.5247382331532534
0.7493629262071565
0.3780350105487111
0.6070820333575714
0.34275600048799776
0.3633125725362048
0.5576363156111946
0.32994651065506714
0.40167797826988205
0.33650162851687276
0.32205027880068926
0.5925762079547426
0.4990580884093856
0.35729851976404214
0.45378670461629933
0.4929858548520965
0.4982722637383537
0.5550638531402559
0.40782523719498
0.6729039004195354
0.5837720370055344
0.37733314980659916
0.36887095589834057
0.4663433651230608
0.36379799866701634
0.3586794760566945
0.6260836861184577
0.536091690900571
0.3763741649999518
0.40712415935303103
0.5058088923017743
0.5145698648802978
0.5696372370305098
0.4801793349510868
0.6550801237928858
0.5247382331532534
0.7493629262071565
0.3780350105487111
0.6070820333575714
0.34275600048799776
0.3633125725362048
0.32994651065506714
0.40167797826988205
0.33650162851687276
0.7295090408382335
0.4839639886166816
0.5076798571827429
0.6375438938693226
0.4550543161821834
0.4096090029904244
0.5607529388230218
0.5788720320732968
0.43135707780512916
0.5682135481954868
0.43944530796253833
0.6345222112630156
0.5696372370305098
0.7525249737189712
0.41258511809795995
0.4975162205357695
0.5244197015407803
0.42871337552365385
0.6070820333575714
0.4687030438262767
0.46540702316391236
0.5851410387845728
0.7323263251416824
0.34283359100286104
0.40167797826988205
0.2928934030518457
0.4124885017574432
0.4635151620286523
0.3557982031719558
0.38085452650144924
0.38591039751458683
0.4239145324114796
0.2724548332840469
0.35376640574624085
0.4934118432398787
0.38659576970771264
0.5296920230058306
0.5789495709470286
0.6827358427819726
0.6399001970144551
0.36299357840188756
0.6659979500970273
0.3930435495185957
0.37139939858327187
0.45980543188697637
0.5324702260852142
0.297223146591648
0.43711371486298406
0.3963857264364285
0.4510880862963284
0.6771027279937623
0.5166730849935443
0.5615681703842728
0.47121428806293403
0.572874364746468
0.5203234732290598
0.3336750599725382
0.4171384501120536
0.3935666571016515
0.6286700045101793
0.40610745434520934
0.5070694935151735
0.5983326663963009
0.423796672066818
0.5106704289436897
0.4631832916076775
0.40688571079865815
0.4391935868710401
0.4860226952150371
0.43567692255022794
0.3598143419283013
0.36701004146039307
0.553916167894606
0.3980558728472187
0.6935609209166463
0.360377401562515
0.3793206216143618
0.2892245678193482
0.42173383844070517
0.3913878846350456
0.5674862718227393
0.3570230593148657
0.5343466533804202
0.3855473971968535
0.6277182035332808
0.426467970508671
0.4783481421398646
1.191719603744053
0.7969955658492328
0.5430386114732791
0.4990580884093856
0.35729851976404214
0.4929858548520965
0.4169899912891945
0.36887095589834057
0.36379799866701634
0.6452123976250153
0.9874895915099706
0.5849569945433113
0.6774155947571114
0.7662947052563867
0.5341559798083428
0.4722837474136727
0.8242573342811729
0.4187915798135443
0.43160000470703486
0.4107230174204415
0.6843099125420317
0.5454921804021651
0.5972268287289738
0.3847169843113139
0.4860226952150371
0.48525494824857945
0.6843099125420317
0.5203234732290598
0.544237173057874
0.42529761667932753
0.5195169142963849
0.4151885400976692
0.5607529388230218
0.46426834584939514
0.4826064418081095
0.3060902339004427
0.3414282312298469
0.416932527813933
0.3579740597808356
0.36654258078924823
0.36581901111484516
0.3060902339004427
0.4005215610889513
0.4389669361650569
0.4169899912891945
0.6550801237928858
0.3633125725362048
0.3831824239638588
0.40167797826988205
0.3716341716830373
0.4017127788120606
0.6005778870461516
0.4800237987431069
0.4169899912891945
0.4058286120484379
0.9132490098335019
0.6487581777680379
0.5551160690109608
0.7622447077217884
0.8588215679816731
0.32205027880068926
0.448569645544921
0.42967025360872296
0.3588883272608291
0.5106704289436897
0.40688571079865815
0.3598143419283013
0.36701004146039307
0.5133783651377408
0.5160377447652821
0.476958601359255
0.3716341716830373
0.41040222947765437
0.36654258078924823
0.4169899912891945
0.4860226952150371
0.553916167894606
0.48146696748080264
0.517351234247193
0.5625875886888894
0.472583267811714
0.3522912825775657
0.5635935968563697
0.5293146940521842
0.8116174894459424
0.6432065791375964
0.5699255335229372
0.8313168378874601
0.6819205958674834
0.6706412889644311
0.591232567531972
0.47873088886028803
0.5455408756503768
0.6799501619176571
0.7858304864325204
0.3830190417985257
0.5599688223506387
0.3599865200407185
0.8056687160424758
0.6035319345136844
0.6413386712046689
0.8067146960766886
0.7336527350103395
0.3522963055187784
0.36770615349414987
0.5382155675847653
0.466247011707723
0.4411887928818262
0.38345216458753156
0.810599668442021
0.6455741701234918
0.7991382136868922
0.5103315174178606
0.5038663806371603
0.6423074327836689
0.74371590927755
0.5408635445047667
0.5625923973244242
0.6033997995085968
0.7000918577481826
0.3522963055187784
0.3522963055187784
0.4664166427490914
0.36566938016509
0.3790050304125591
0.4140591659177227
0.37302871782419994
0.36032216304599485
0.4903864780707754
0.39480554843089644
0.6233073433717186
0.3347719616107195
0.5563408369129969
0.556057899014965
0.44111941875833577
0.424047281934195
0.40083370103478105
0.4772026209519889
0.7073075687995292
0.5085570106358948
0.5889938681234025
0.5404699155673083
0.5144504979911748
0.6143761339794975
0.4169982137628833
0.5427121925223656
0.3667867206468922
0.6285084799703976
0.8761458625423527
0.622849119106528
0.46589095112398626
0.5052914224034761
0.6545404602914944
0.6035215418487013
0.5733778842184026
0.7428216351428995
0.5021979000914354
0.5895462169143185
0.46953341234933105
0.464778012910988
0.5166107009672919
0.730078825681163
0.7209215473858143
0.5492781764994057
0.4768111686400726
0.5423622030853487
0.5427781333882233
0.4768950873959966
0.5448291976619524
0.7288689517399739
0.7304958768731099
0.8396811051052674
0.5749304395432897
0.4924929631669305
0.565862465508496
0.7100798018954243
0.6566790589014371
0.5091966398063842
0.6465188345378649
0.4911297415373371
0.5614256432008135
0.5535997125872055
0.47946626826711924
0.5735874935247977
0.7219578732457613
0.6762039658433612
0.4471518893648383
0.413891281119005
0.4327127054212307
0.4049170769211711
0.4216851714690308
0.428297026965726
0.4405141410641097
0.4656354869981252
0.7365859918147042
0.41512512046710714
0.6839367224897093
0.41142118063305044
0.613929651595296
0.3585571017803182
0.4315040309549521
0.2872198392313684
0.4624773196847442
0.44434496667927764
0.4395204597917547
0.320689199219001
0.7193666122119813
0.509392299823548
0.5805471476983415
0.3694324704775994
0.4301763341054032
0.5631913823649717
0.5505012335352713
0.438514765452804
0.4468710927352037
0.34716320350328644
0.3217221014078768
0.3378887094930559
0.3686690771909807
0.5854964494219678
0.4545705505295265
0.48807240005531566
0.4570024903597665
0.5782406986959623
0.5422506042287314
0.665828114958177
0.44031708137276415
0.5873560942678762
0.5810443891693856
0.5749692736539589
0.5371455121995347
0.8023116245177367
0.45819474553071693
0.594825392634055
0.9233220710814074
0.7343598635523102
0.5989302355660057
0.7669314969513112
0.8159575872122203
0.7568788048360845
0.6257206641092361
0.42230880891508077
0.3653631176313081
0.7970403906586118
0.43469067292030095
0.5493597609629018
0.5595848558166109
0.4718593965229266
0.4612682592180622
0.4658019761483954
0.5407504641136235
0.45657141001742074
0.5046910147333369
0.442281695613387
0.4947586041988864
0.5888217462606998
0.5875253058645131
0.57979129680431
0.5688302041164575
0.4060841567414907
0.38404960829622203
0.7166787365190288
0.6052097271018507
0.5346767710159196
0.569005618499243
0.6357944104171851
0.3505717525985188
0.4388003384615222
0.4249924320768426
0.44138951666115844
0.5300937141168065
0.604612685051404
0.6565838841179296
0.6154103460900695
0.5879750662073838
0.5742432775464646
0.8098939471213459
0.4595676453776647
0.5090270641372918
0.6839099024853714
0.3772608620948054
0.39565021115080207
0.6381244483889611
0.490223362079479
0.42480679673833754
0.6327403862216032
0.6275534160620354
0.6357174236332078
0.6257342437412823
0.6130951527959682
0.39228765109511815
0.5188506596137357
0.355532100609218
0.655666639088012
0.5056486916038363
0.8766480723658412
0.47803792400569
0.4059239877915676
0.651109076769254
0.5003702484023775
0.4062283186105731
0.5447677765297441
0.5204784769558021
0.4016450008133736
0.48368329145001315
0.5533136182114112
0.5954121956101968
0.580064037834926
0.502728869686218
0.7650444538678036
0.47351959720459386
0.554201191675468
0.43320258306591064
0.6304846010335505
0.6031753368484054
0.4519948511085568
0.5856613130526523
0.7283890378746318
0.5207051734689061
0.5497303780178644
0.7096972703767196
0.5591319743672266
0.6182776129357087
0.3556063077920389
0.42024939859816335
0.4278169013882499
0.615052667640324
0.7557909609785765
0.48604695591687647
0.43186737673168
0.4993567980277944
0.5729422767645058
0.4073057575405236
0.42309179234963445
0.4699872969342357
0.35317059508940685
0.6570302139247249
0.42578907913335007
0.4282479971032549
0.495583276635693
0.6136345317469459
0.5080212091817065
0.5942838400995684
0.5233848055680665
0.4446203406532426
0.5476570039236852
0.6413610640071302
0.5683527258260753
0.43543716618772216
0.4470705713535961
0.8072348363398875
0.47616344787289866
0.4552885507419564
0.3715743269346311
0.4955225937697709
0.5353044023324777
0.4305498876864283
0.5304196201178946
0.6457991881262314
0.5424023977070808
0.670202798678865
0.44465208272260803
0.4537946425490794
0.48707513856186396
0.736155221218761
0.5757930854621702
0.6267345595543418
0.560740102086214
0.3889080147227191
0.5849753918821077
0.5260066481838458
0.6428223425652082
0.5223017255806306
0.7613793857565417
0.46526462921755934
0.7018935190325677
0.4998317709826534
0.5708795346576091
